1500966318
1
71
71
70.67
71.25
72.2
73.5
74.57
75.5
76.33
76.8
77.18
77.42
77.62
77.86
78.07
78.19
78.29
78.39
78.42
78.4
78.38
78.27
78.17
78.12
78
77.88
77.85
77.79
77.76
78.27
78.74
79.22
79.55
79.62
79.66
79.67
79.68
79.68
79.67
79.65
79.68
79.57
79.47
79.39
79.24
79.15
79.43
79.67
79.88
80.08
80.55
80.98
81.4
81.8
82.18
82.55
82.89
83.02
83.12
83.22
83.55
83.93
84.35
84.57
84.8
84.97
85.08
85.02
84.92
84.85
84.78
84.77
84.68
84.62
84.57
84.55
84.52
84.45
84.38
84.33
84.33
84.38
84.43
84.35
84.33
84.3
84.22
84.1
83.97
83.57
83.15
82.95
82.87
82.9
82.93
83.05
83.05
83.08
83.12
83.15
83.13
83.22
83.32
83.63
84
84.48
84.62
84.78
84.97
85.15
85.1
85.07
85.05
84.98
84.93
84.93
84.93
85.13
85.33
85.52
85.73
85.92
86.08
86.38
86.63
86.88
87.2
87.72
88.2
88.7
89.22
89.72
90.25
90.72
91.23
91.72
92.23
92.77
93.32
93.78
94.25
94.62
94.97
95.38
95.72
96.05
96.38
96.75
97.1
97.47
97.75
97.82
97.85
97.88
97.93
97.9
97.97
98
98.05
98.1
98.18
98.28
98.38
98.28
98.2
98
97.88
97.78
97.7
97.63
97.58
97.53
97.47
97.45
97.4
97.3
97.2
97.08
96.95
96.82
96.58
96.33
96.08
95.85
95.6
95.35
95.07
94.77
94.53
94.32
94.12
93.93
93.78
93.72
93.63
93.57
93.48
93.42
93.35
93.33
93.23
93.2
93.18
93.22
93.3
93.38
93.43
93.5
93.55
93.55
93.65
93.72
93.77
93.85
93.93
94.05
94.22
94.42
94.63
94.85
95.03
95.18
95.3
95.37
95.42
95.45
95.48
95.53
95.6
95.68
95.77
95.87
95.97
96.05
96.15
96.27
96.38
96.48
96.58
96.67
96.77
96.85
96.93
97.05
97.2
97.35
97.4
97.45
97.48
97.5
97.48
97.45
97.43
97.38
97.3
97.23
97.17
97.1
97.03
97
97
97
97.02
97.03
97.03
97.05
97.1
97.15
97.28
97.45
97.62
97.78
97.95
98.23
98.53
98.83
99.13
99.4
99.62
99.67
99.68
99.63
99.6
99.57
99.52
99.45
99.3
99.07
98.83
98.57
98.28
97.92
97.57
97.22
96.85
96.43
96
95.57
95.28
95.02
94.78
94.65
94.52
94.37
94.18
94.07
94.12
94.12
94.15
94.15
94.15
94.12
94.02
93.88
93.73
93.57
93.42
93.32
93.28
93.27
93.27
93.28
93.28
93.28
93.27
93.2
93.13
93.05
92.93
92.8
92.62
92.47
92.35
92.12
91.88
91.65
91.38
91.22
91.07
91.07
91.1
91.18
91.25
91.32
91.38
91.42
91.52
91.63
91.72
91.78
91.87
92
92.08
92.03
92.02
92.02
92.05
92.1
92.03
91.98
91.93
91.82
91.72
91.6
91.47
91.27
91
90.77
90.5
90.27
90.03
89.82
89.65
89.5
89.43
89.43
89.42
89.37
89.25
89.03
88.83
88.67
88.5
88.35
88.25
88.22
88.22
88.23
88.23
88.25
88.3
88.33
88.33
88.3
88.25
88.18
88.12
87.95
87.82
87.72
87.65
87.63
87.63
87.65
87.68
87.75
87.8
87.88
87.95
88.02
88.07
88.15
88.27
88.55
88.83
89.15
89.5
89.87
90.25
90.62
90.97
91.3
91.62
91.92
92.23
92.55
92.85
93.13
93.4
93.65
93.9
94.15
94.42
94.7
94.88
95.03
95.18
95.33
95.5
95.75
95.97
96.15
96.32
96.47
96.57
96.65
96.7
96.8
96.9
97
97.13
97.27
97.4
97.55
97.67
97.78
97.92
98.07
98.25
98.38
98.5
98.58
98.65
98.7
98.72
98.73
98.75
98.75
98.77
98.82
98.87
98.9
98.93
98.95
98.97
98.98
98.98
98.98
98.95
98.9
98.85
98.8
98.75
98.6
98.4
98.22
97.88
97.58
97.32
97.03
96.75
96.52
96.18
95.82
95.47
95.07
94.67
94.25
93.78
93.32
92.83
92.35
91.87
91.42
90.93
90.37
89.8
89.18
89.15
89.05
88.95
88.85
88.72
88.57
88.42
88.35
88.25
88.12
87.98
87.9
87.83
87.83
87.9
88
88.13
88.27
88.45
88.63
88.83
88.98
89.15
89.28
89.42
89.42
89.48
89.57
89.63
89.72
89.83
89.98
90.13
90.27
90.4
90.65
90.95
91.23
91.7
92.15
92.6
93.07
93.53
93.95
94.48
95.02
95.55
96.12
96.67
97.27
97.92
98.55
99.18
99.8
100.43
101.03
101.72
102.5
103.28
104.13
104.38
104.7
105.03
105.33
105.63
105.92
106.23
106.47
106.58
106.68
106.73
106.78
106.83
106.83
106.78
106.72
106.67
106.67
106.6
106.53
106.45
106.42
106.37
106.37
106.37
106.5
106.55
106.57
106.58
106.58
106.57
106.55
106.53
106.52
106.48
106.43
106.35
106.3
106.25
106.2
106.1
106.02
105.93
105.85
105.72
105.58
105.45
105.33
105.25
105.15
105.03
104.93
104.87
104.83
104.8
104.77
104.73
104.68
104.65
104.55
104.45
104.4
104.37
104.38
104.45
104.55
104.65
104.73
104.95
105.2
105.43
105.63
105.83
106.05
106.25
106.35
106.42
106.42
106.45
106.48
106.52
106.53
106.55
106.55
106.55
106.53
106.53
106.53
106.48
106.43
106.35
106.28
106.17
106.1
106.03
105.97
105.93
105.82
105.67
105.53
105.45
105.27
105.02
104.82
104.63
104.47
104.27
103.93
103.58
103.2
102.83
102.43
102.02
101.6
101.18
100.82
100.5
100.17
99.83
99.57
99.28
99
98.67
98.32
97.9
97.4
96.78
96.2
95.55
94.95
94.38
93.72
93.07
92.38
92.05
91.82
91.57
91.33
91.08
90.87
90.67
90.5
90.37
90.23
90.12
90
89.87
89.72
89.57
89.4
89.27
89.12
89.03
88.93
88.87
88.85
88.87
88.95
89.07
89.18
89.3
89.5
89.78
90.02
90.25
90.48
90.75
91.12
91.47
91.82
92.13
92.48
92.82
93.12
93.42
93.67
93.83
94.03
94.25
94.42
94.62
94.75
94.87
94.95
95.05
95.2
95.48
95.73
96.05
96.37
96.67
97.12
97.48
97.87
97.95
98.02
98.1
98.17
98.23
98.32
98.43
98.5
98.62
98.75
98.82
98.93
99
99.08
98.95
98.9
98.82
98.7
98.57
98.42
98.28
98.12
97.88
97.65
97.37
97.07
96.8
96.7
96.58
96.42
96.25
96.07
95.93
95.77
95.55
95.33
95.12
94.87
94.43
93.93
93.43
92.93
92.45
91.97
91.35
90.67
89.97
89.3
88.65
88.18
87.78
87.43
87.1
86.98
86.87
86.75
86.67
86.57
86.55
86.45
86.33
86.25
86.18
86.15
86.13
86.17
86.13
86.1
85.97
85.82
85.7
85.48
85.27
85.02
85.07
85
84.95
84.93
84.9
84.9
84.9
84.95
85.17
85.35
85.53
85.8
86
86.02
86.03
86.08
86.13
86.2
86.2
86.23
86.35
86.48
86.62
86.68
87.13
87.65
88.15
88.65
89.07
89.45
89.93
90.42
90.92
91.4
91.87
92.02
92.18
92.37
92.53
92.58
92.68
92.73
92.75
92.73
92.67
92.67
92.67
92.65
92.65
92.65
92.65
92.55
92.47
92.42
92.38
92.37
92.38
92.48
92.65
92.87
93.07
93.32
93.58
93.85
94.15
94.4
94.63
94.82
94.87
94.93
95.05
95.1
95.18
95.3
95.42
95.55
95.68
95.8
95.95
96.08
96.2
96.32
96.48
96.77
96.85
96.97
96.98
97.02
97.13
97.32
97.52
97.75
97.97
98.18
98.25
98.48
98.7
98.92
99.12
99.23
99.3
99.35
99.4
99.47
99.55
99.65
99.73
99.85
99.97
100.12
100.28
100.45
100.63
100.78
100.92
101.02
101.1
101.17
101.22
101.27
101.32
101.37
101.43
101.52
101.58
101.63
101.65
101.65
101.63
101.62
101.62
101.53
101.43
101.3
101.18
101.07
100.93
100.82
100.63
100.45
100.23
100.02
99.75
99.5
99.28
99.05
98.95
98.87
98.82
98.72
98.62
98.5
98.4
98.33
98.52
98.67
98.77
98.83
98.88
98.93
98.85
98.8
98.75
98.67
98.6
98.52
98.45
98.37
98.3
98.18
98.03
97.93
97.8
97.65
97.45
97.27
97.08
96.9
96.7
96.4
96.13
95.87
95.6
95.37
95.27
95.2
95.15
95.13
95.15
95.17
95.18
95.23
95.28
95.35
95.38
95.38
95.37
95.32
95.32
95.32
95.35
95.37
95.42
95.43
95.42
95.4
95.37
95.3
95.2
95.1
95
94.95
94.92
94.9
94.83
94.83
94.82
94.78
94.75
94.73
94.87
95
95.12
95.07
94.97
94.87
94.75
94.62
94.43
94.18
94.03
93.75
93.65
93.62
93.67
93.72
93.77
93.8
93.82
93.92
93.97
94.02
94.07
94.08
93.98
93.9
93.82
93.72
93.6
93.48
93.32
93.18
93.05
92.92
92.8
92.72
92.67
92.65
92.65
92.68
92.73
92.77
92.78
92.87
92.95
93.02
93.07
93.1
93.13
93.18
93.23
93.18
93.12
93.02
92.88
92.72
92.58
92.48
92.4
92.35
92.27
92.17
92.1
92.22
92.35
92.5
92.65
92.82
93
93.2
93.28
93.45
93.45
93.42
93.37
93.32
93.38
93.45
93.57
93.73
93.93
94.13
94.37
94.52
94.67
94.82
94.97
95.13
95.4
95.62
95.82
96
96.17
96.32
96.43
96.55
96.68
96.85
96.98
97.13
97.23
97.3
97.62
97.88
98.18
98.5
98.85
99.23
99.62
99.97
100.3
100.67
101.08
101.48
101.87
102.22
102.63
103.03
103.42
103.75
104.08
104.42
104.73
105.07
105.37
105.68
106
106.28
106.55
106.85
107.17
107.48
107.78
108.03
108.3
108.55
108.25
107.78
107.28
106.72
106.12
105.55
104.9
104.35
103.72
102.85
102.02
101.15
100.83
100.57
100.33
100.12
99.9
99.67
99.6
99.48
99.38
99.22
99.05
98.85
98.68
98.58
98.22
97.85
97.48
97.1
96.73
96.38
96.02
95.72
95.43
95.22
94.95
94.7
94.45
94.23
93.92
93.57
93.25
92.93
92.63
92.32
92.02
91.72
91.45
91.18
90.92
90.63
90.38
90.13
89.9
89.65
89.42
89.25
89.08
88.95
89.27
89.78
90.32
90.87
91.42
91.93
92.5
93.05
93.68
94.53
95.35
96.17
96.32
96.43
96.6
96.8
97.05
97.33
97.48
97.78
98.05
98.42
98.8
99.17
99.55
99.9
100.37
100.77
101.13
101.48
101.78
101.93
102
102.02
102.08
102.13
102.13
102.1
102.05
102
101.98
101.98
101.88
101.8
101.72
101.65
101.55
101.43
101.33
101.22
101.13
101.12
101.08
101.03
100.95
100.88
100.92
100.9
100.85
100.9
101.05
100.9
100.75
100.6
100.52
100.38
100.38
100.37
100.35
100.33
100.35
100.37
100.38
100.45
100.45
100.4
100.3
100.17
100.03
99.78
99.53
99.22
98.9
98.6
98.3
98.03
97.67
97.37
97.13
96.93
96.75
96.72
96.78
96.85
96.88
96.9
97
97.18
97.38
97.42
97.4
97.3
97.35
97.37
97.45
97.53
97.45
97.2
96.93
96.65
96.28
95.87
95.43
95.05
94.83
94.63
94.33
94.08
93.85
93.5
93.07
92.93
92.8
92.7
92.53
92.42
92.15
91.9
91.63
91.38
91.1
90.87
90.62
90.37
90.13
89.9
89.68
89.48
89.28
89.08
88.63
88.17
87.75
87.35
86.92
86.55
86.18
85.77
85.17
84.48
83.77
83
82.08
81.18
80.28
79.42
78.5
77.53
76.6
75.83
75.15
75.05
75.03
75.03
74.95
74.87
74.97
75.25
75.55
75.87
76.22
76.63
77.05
77.42
77.65
77.92
78.17
78.42
78.65
78.88
79.07
79.13
79.23
79.15
79.12
79.13
79.18
79.3
79.4
79.48
79.57
79.62
79.72
79.82
79.95
80.12
80.3
80.5
80.7
80.92
81.38
81.85
82.27
82.7
83.15
83.52
83.83
83.92
84.1
84.2
84.33
84.48
84.78
85.08
85.42
85.88
86.43
87
87.58
88.27
88.87
88.98
88.97
88.95
88.95
88.95
89.08
89.22
89.35
89.48
89.63
89.73
89.87
90.03
90.2
90.32
90.47
90.6
90.75
90.92
91.07
91.32
91.55
91.93
92.28
92.58
92.87
93.07
93.3
93.57
93.8
94.03
94.27
94.48
94.67
94.82
94.95
95.07
95.15
95.25
95.3
95.37
95.43
95.48
95.53
95.6
95.72
96.08
96.48
97.02
97.53
98.05
98.57
99.08
99.57
99.92
100.23
100.53
100.82
101
101.23
101.48
101.7
101.92
102.13
102.33
102.4
102.45
102.48
102.52
102.55
102.6
102.63
102.67
102.72
102.78
102.83
102.9
102.98
103.05
103.17
103.28
103.37
103.42
103.42
103.4
103.35
103.3
103.27
103.22
103.18
103.15
103.1
103.05
103.02
102.98
102.95
102.92
102.9
102.85
102.83
102.82
102.8
102.75
102.73
102.67
102.6
102.55
102.48
102.43
102.38
102.32
102.25
102.13
102
101.85
101.68
101.52
101.33
101.17
101
100.82
100.65
100.48
100.32
100.18
100.07
99.97
99.88
99.78
99.68
99.55
99.45
99.35
99.23
99.1
98.97
98.8
98.6
98.38
98.13
97.88
97.67
97.5
97.38
97.32
97.28
97.25
97.18
97.17
97.15
97.12
97.07
97
96.92
96.73
96.57
96.47
96.38
96.33
96.32
96.3
96.28
96.28
96.25
96.25
96.27
96.28
96.17
95.83
95.78
95.75
95.7
95.82
95.9
95.98
96.05
96.12
96.18
96.25
96.32
96.4
96.47
96.53
96.6
96.63
96.65
96.68
96.73
96.82
96.9
97.02
97.12
97.22
97.3
97.38
97.45
97.53
97.67
97.97
98.28
98.53
98.77
98.98
99.18
99.33
99.45
99.55
99.63
99.67
99.72
99.8
99.92
100.08
100.25
100.53
100.83
101.1
101.35
101.53
101.7
101.87
101.98
101.97
101.88
101.77
101.67
101.57
101.6
101.9
101.95
101.98
102.03
101.97
101.95
101.88
101.85
101.98
102.1
102.25
102.3
102.33
102.38
102.45
102.53
102.63
102.73
102.83
102.92
102.98
103.05
103.1
103.13
103.17
103.22
103.27
103.33
103.4
103.43
103.33
103.23
103.22
103.2
103.18
103.17
103.17
103.17
103.18
103.22
103.23
103.25
103.25
103.23
103.2
103.18
103.17
103.12
103.05
102.98
103
103.03
103.03
103.1
103.3
103.52
103.75
103.95
104.1
104.28
104.42
104.53
104.62
104.73
104.8
104.8
104.83
104.83
104.62
104.42
104.18
104.02
103.83
103.63
103.42
103.18
102.95
102.72
102.47
102.22
101.95
102
101.95
101.87
101.77
101.63
101.37
101.3
101.2
101.1
100.98
100.72
100.37
100.05
99.72
99.37
98.98
98.7
98.42
98.15
97.87
97.58
97.28
97.07
96.87
96.67
96.48
96.3
96.1
95.9
95.8
95.67
95.55
95.42
95.27
95.17
95.07
94.95
94.88
94.78
94.7
94.62
94.6
94.55
94.55
94.62
94.7
94.78
94.9
95.02
95.12
95.25
95.42
95.62
95.83
96.05
96.28
96.5
96.72
96.92
97.12
97
97
97.03
97.1
97.18
97.42
97.45
97.52
97.57
97.58
97.7
97.98
98.27
98.53
98.82
99.12
99.33
99.57
99.75
99.88
100.02
100.17
100.18
100.17
100.13
100.07
99.97
99.88
99.83
99.65
99.45
99.37
99.18
99.02
98.9
98.83
98.78
98.72
98.65
98.53
98.45
98.32
98.2
98.07
97.93
97.82
97.7
97.6
97.52
97.43
97.38
97.3
97.18
97.03
96.88
96.72
96.6
96.5
96.42
96.37
96.32
96.25
96.18
96.08
96
95.92
95.83
95.75
95.63
95.53
95.47
95.28
95.07
94.8
94.7
94.68
94.67
94.63
94.65
94.73
94.8
94.85
94.93
95.02
95.1
95.18
95.33
95.48
95.63
95.82
96
96.05
96.17
96.25
96.27
96.27
96.27
96.27
96.27
96.33
96.37
96.45
96.55
96.62
96.65
96.67
96.7
96.7
96.62
96.53
96.45
96.33
96.25
96.23
96.23
96.18
96.1
96
95.9
95.88
95.87
95.85
95.82
95.82
95.83
95.78
95.72
95.7
95.78
95.92
96.08
96.25
96.32
96.47
96.43
96.32
96.2
96.08
95.92
95.77
95.63
95.55
95.5
95.45
95.43
95.5
95.52
95.5
95.45
95.37
95.32
95.3
95.33
95.38
95.45
95.48
95.5
95.48
95.45
95.4
95.35
95.27
95.13
95
94.85
94.68
94.5
94.25
94.08
93.93
93.75
93.63
93.5
93.32
93.08
92.88
92.68
92.48
92.25
91.78
91.32
90.85
90.45
90.05
89.58
89.2
88.88
88.55
88.2
88.08
87.92
87.78
87.77
87.77
87.78
87.8
87.82
87.85
87.92
87.97
88.03
88.07
88.08
87.78
87.47
87.23
87
86.78
86.5
86.23
85.8
85.4
84.97
84.58
84.2
83.85
83.5
83.23
83.03
82.8
82.55
82.33
82.1
81.9
81.73
81.65
81.58
81.63
81.62
81.58
81.62
81.73
81.95
82.22
82.52
82.83
83.15
83.43
83.73
84.13
84.48
84.92
85.3
85.83
86.42
87.03
87.65
88.23
88.7
88.93
89.17
89.63
89.85
89.62
89.38
89
88.55
88.1
87.65
87.2
86.77
86.42
86.1
86.2
86.3
86.3
86.35
86.33
86.42
86.47
86.63
86.63
86.63
86.63
86.63
86.63
86.63
86.6
86.55
86.52
86.55
86.63
86.88
87.17
87.48
87.72
87.9
88.05
88.25
88.57
88.78
88.88
88.88
88.8
88.7
88.57
88.43
88.22
88.02
87.88
87.77
87.55
87.33
86.95
86.57
86.12
85.6
85.17
84.88
84.57
84.3
83.8
83.58
83.8
84.03
84.43
84.9
85.35
85.8
86.27
86.7
87.03
87.32
87.48
87.65
87.73
87.75
87.88
87.98
88.12
88.33
88.7
89.1
89.47
89.83
90.15
90.47
90.78
91.08
91.42
91.72
91.95
92.05
92.12
92.15
92.2
92.28
92.35
92.42
92.37
92.33
92.35
92.38
92.47
92.58
92.78
93
93.33
93.67
93.93
94.22
94.48
94.72
95
95.27
95.53
95.82
96
96.12
96.22
96.3
96.37
96.38
96.4
96.37
96.38
96.37
96.33
96.28
96.2
96.12
96.03
95.98
95.92
95.83
95.82
95.83
95.83
95.87
95.87
95.82
95.72
95.57
95.42
95.23
95.07
94.92
94.77
94.62
94.47
94.3
94.13
93.95
93.78
93.62
93.47
93.32
93.18
93.03
92.88
92.75
92.6
92.45
92.3
92.13
91.93
91.72
91.5
91.3
91.13
90.98
90.85
90.75
90.6
90.5
90.45
90.42
90.42
90.47
90.58
90.73
90.88
91.03
91.18
91.35
91.43
91.5
91.57
91.63
91.72
91.78
91.85
91.87
91.88
91.88
91.83
91.8
91.7
91.62
91.55
91.5
91.5
91.53
91.57
91.63
91.72
91.8
91.88
91.97
92.03
92.1
92.18
92.28
92.37
92.43
92.48
92.52
92.58
92.63
92.72
92.78
92.87
92.95
93
93.03
93.07
93.12
93.17
93.18
93.18
93.18
93.2
93.23
93.23
93.2
93.1
93.08
93.05
92.97
92.85
92.73
92.63
92.55
92.47
92.4
92.35
92.33
92.32
92.32
92.32
92.35
92.4
92.5
92.65
92.83
93.03
93.23
93.48
93.7
93.92
94.13
94.33
94.52
94.7
94.88
95.07
95.25
95.43
95.62
95.78
95.97
96.12
96.27
96.42
96.57
96.72
96.88
97.02
97.18
97.33
97.52
97.68
97.85
98.03
98.23
98.42
98.58
98.75
98.95
99.18
99.42
99.65
99.87
100.12
100.37
100.63
100.78
100.95
101.12
101.27
101.38
101.48
101.57
101.65
101.72
101.78
101.85
101.92
101.98
102.05
102.1
102.15
102.18
102.17
101.52
101.28
101.05
100.78
100.58
100.37
100.13
99.92
99.73
99.57
99.4
99.27
99.17
99.07
99.03
99.02
98.98
98.97
98.95
98.92
98.98
99.05
99.12
99.18
99.25
99.3
99.33
99.33
99.32
99.3
99.28
99.25
99.18
99.1
99
98.85
98.7
98.55
98.42
98.28
98.15
98.02
97.9
97.78
97.63
97.47
97.28
97.1
96.92
96.73
96.55
96.37
96.18
96
95.82
95.62
95.38
95.12
94.73
94.35
94.58
94.42
94.23
94.12
93.97
93.82
93.78
93.8
93.82
93.82
93.82
93.8
93.75
93.68
93.52
93.33
93.15
92.98
92.85
92.72
92.58
92.43
92.3
92.18
92.08
92
91.93
91.88
91.83
91.78
91.73
91.7
91.7
91.73
91.78
91.87
91.95
92.05
92.1
92.15
92.2
92.25
92.32
92.37
92.47
92.57
92.7
92.78
92.88
92.93
92.98
93.03
93.08
93.15
93.22
93.28
93.42
93.57
93.88
94.28
94.68
95.08
95.52
95.92
96.28
96.65
96.9
97.07
97.2
97.32
97.43
97.55
97.68
97.85
98.07
98.3
98.53
98.73
98.9
99.07
99.15
99.25
99.33
99.4
99.48
99.6
99.72
99.85
100.02
100.18
100.37
100.58
100.8
101.03
101.23
101.43
101.62
101.75
101.85
101.97
102.05
102.13
102.17
102.2
102.15
102.12
102.07
102.1
102.13
102.2
102.32
102.45
102.6
102.77
102.93
103.17
103.43
103.73
104.15
104.58
105.05
105.5
105.95
106.4
106.83
107.28
107.67
108.13
108.65
109.25
109.25
109.25
109.27
109.32
109.22
109.13
109.05
108.98
108.9
108.82
108.8
108.58
108.32
108.05
107.73
107.37
106.97
106.53
106.07
105.6
105.13
104.63
104.13
103.6
103.08
102.55
102.05
101.58
101.18
100.77
100.4
100.03
99.7
99.37
99.1
98.85
98.62
98.35
98.02
97.68
97.28
96.87
96.45
96.03
95.63
95.15
94.57
93.95
93.18
92.37
91.53
90.7
89.83
88.93
88.07
87.22
86.47
85.67
84.83
83.93
83.63
83.33
83
82.63
82.4
82.13
81.87
81.6
81.38
81.15
80.85
80.8
80.8
80.82
80.85
80.88
80.93
81
81.05
81.1
81.13
81.17
81.17
81.18
81.2
81.25
81.27
81.3
81.33
81.38
81.48
81.6
81.68
81.77
81.85
81.88
81.97
81.83
81.75
81.67
81.6
81.53
81.47
81.38
81.28
81.2
81.15
81.13
81.1
81.05
80.98
80.9
80.82
80.77
80.7
80.62
80.52
80.4
80.3
80.22
80.13
80.03
79.92
79.77
79.6
79.45
79.3
79.15
78.98
78.83
78.7
78.52
78.35
78.18
78.02
77.85
77.68
77.5
77.33
77.17
77.02
76.85
76.73
76.6
76.48
76.35
76.22
76.07
75.92
75.73
75.48
75.23
75.02
74.8
74.58
74.4
74.15
74.1
74.03
73.98
73.97
73.98
74
74.05
74.1
74.2
74.28
74.35
74.42
74.48
74.55
74.65
74.75
74.85
74.93
75.02
75.08
75.12
75.15
75.15
75.15
75.15
75.15
75.17
75.2
75.25
75.32
75.38
75.43
75.5
75.55
75.6
75.63
75.67
75.7
75.75
75.8
75.87
75.93
75.98
76.02
76.05
76.07
76.07
76.05
76.05
76.08
76.13
76.18
76.25
76.33
76.43
76.57
76.7
76.85
77
77.17
77.33
77.58
77.9
78.2
78.47
78.8
79.08
79.3
79.43
79.72
80
80.25
80.57
80.72
80.9
81.1
81.27
81.45
81.63
81.83
82.07
82.2
82.37
82.55
82.68
82.88
83.12
83.38
83.63
83.83
83.92
84.05
84.27
84.32
84.32
84.3
84.3
84.32
84.33
84.4
84.42
84.4
84.37
84.37
84.32
84.3
84.3
84.3
84.25
84.2
84.13
84.03
83.93
83.83
83.67
83.47
83.23
82.83
82.47
82.13
81.83
81.52
81.15
80.77
80.37
79.9
79.4
78.98
78.6
78.08
77.53
77
76.42
76
75.55
75.1
74.68
74.28
73.9
73.52
73.15
72.87
72.57
72.25
71.98
71.67
71.33
70.97
70.6
70.27
70.05
69.78
69.45
69.28
69.17
69.08
68.97
68.85
68.7
68.5
68.33
68.2
68.08
67.93
67.85
67.72
67.58
67.45
67.37
67.28
67.23
67.22
67.22
67.2
67.22
67.23
67.28
67.48
67.65
67.77
67.88
67.93
67.97
68.02
68.08
68.17
68.28
68.4
68.53
68.67
68.83
69.02
69.18
69.35
69.5
69.65
69.8
69.95
70.08
70.22
70.33
70.47
70.63
70.82
71.02
71.23
71.43
71.63
71.83
72.03
72.23
72.43
72.6
72.77
72.93
73.07
73.2
73.32
73.43
73.53
73.65
73.77
73.9
74.03
74.17
74.33
74.5
74.68
74.87
75.03
75.17
75.3
75.42
75.53
75.65
75.77
75.88
76
76.12
76.22
76.3
76.4
76.5
76.6
76.72
76.8
76.87
76.9
76.93
76.97
76.98
77
77.02
77.02
77.02
77.02
77.03
77.05
77.07
77.08
77.12
77.13
77.13
77.13
77.12
77.08
77.07
77.05
77.05
77.07
77.1
77.15
77.22
77.27
77.32
77.37
77.4
77.43
77.48
77.57
77.65
77.75
77.83
77.93
78.02
78.12
78.22
78.32
78.4
78.48
78.57
78.72
78.88
79.08
79.27
79.45
79.63
79.78
79.88
80
80.08
80.15
80.18
80.2
80.22
80.23
80.23
80.25
80.27
80.32
80.37
80.4
80.42
80.42
80.42
80.38
80.33
80.33
80.33
80.32
80.28
80.28
80.23
80.17
80.12
80.02
79.93
79.88
79.85
79.85
79.82
79.77
79.72
79.67
79.58
79.48
79.4
79.3
79.18
79.05
78.92
78.78
78.67
78.53
78.43
78.3
78.15
78
77.85
77.7
77.55
77.33
77.13
76.92
76.72
76.53
76.33
76.18
76.08
75.98
75.93
75.9
75.9
75.92
75.95
76
76.08
76.15
76.2
76.18
76.17
76.17
76.18
76.23
76.27
76.32
76.37
76.35
76.37
76.42
76.5
76.53
76.62
76.7
76.77
76.88
76.98
77.03
77.05
77
76.98
76.98
77
77.02
77.08
77.18
77.27
77.37
77.48
77.6
77.72
77.8
77.87
77.93
77.98
78.03
78.05
78.02
77.93
77.83
77.7
77.62
77.52
77.37
77.27
77.2
77.15
77.13
77.13
77.13
77.1
77.08
77.03
76.97
76.85
76.75
76.65
76.55
76.47
76.4
76.35
76.3
76.25
76.22
76.2
76.18
76.18
76.18
76.15
76.1
76.02
75.97
75.92
75.9
75.88
75.88
75.88
75.9
75.92
75.93
75.95
75.95
75.9
75.87
75.82
75.75
75.7
75.63
75.57
75.5
75.5
75.5
75.55
75.62
75.7
75.8
75.95
76.13
76.37
76.62
76.92
77.18
77.32
77.52
77.73
77.92
78.15
78.37
78.55
78.73
78.95
79.13
79.37
79.6
79.85
79.82
79.8
79.78
79.75
79.73
79.73
79.73
79.75
79.77
79.78
79.8
79.8
79.83
79.88
79.97
80.03
80.08
80.13
80.15
80.23
80.3
80.35
80.38
80.37
80.27
80.15
80.03
79.93
79.83
79.68
79.57
79.45
79.37
79.28
79.18
79.03
78.9
78.65
78.42
78.22
78
77.77
77.47
77.38
77.37
77.35
77.33
77.42
77.47
77.45
77.17
76.82
76.43
76.07
75.68
75.33
75
74.73
74.48
74.3
74.43
74.58
74.75
74.93
75.13
75.32
75.47
75.57
75.63
75.7
75.77
75.87
75.95
76.02
76.05
76.08
76.1
76.12
76.12
75.98
75.8
75.58
75.37
75.22
75.17
75.1
75.03
75
74.98
75.05
75.15
75.27
75.42
75.58
75.77
75.93
76.1
76.33
76.53
76.68
76.8
76.85
76.97
76.92
76.8
76.68
76.55
76.43
76.32
76.23
76.45
76.72
76.98
77.23
77.5
77.72
77.92
78.1
78.23
78.32
78.35
78.37
78.4
78.43
78.53
78.62
78.72
78.87
79.02
79.17
79.32
79.45
79.55
79.63
79.72
79.77
79.8
79.78
79.68
79.68
79.73
79.83
79.97
80.1
80.23
80.38
80.52
80.6
80.65
80.65
80.6
80.53
80.45
80.35
80.25
80.15
80.05
79.93
79.68
79.52
79.42
79.42
79.42
79.38
79.37
79.33
79.3
79.27
79.23
79.17
79.03
78.87
78.72
78.58
78.45
78.32
78.22
78.07
77.98
77.9
77.8
77.73
77.63
77.5
77.32
77.12
76.93
76.73
76.57
76.42
76.28
76.13
76
75.88
75.77
75.7
75.68
75.7
75.82
75.9
75.98
76.05
76.08
76.1
76.12
76.13
76.17
76.25
76.37
76.53
76.75
76.95
77.12
77.28
77.45
77.62
77.75
77.9
78.17
78.33
78.45
78.52
78.58
78.62
78.65
78.68
78.72
78.73
78.73
78.73
78.75
78.78
78.82
78.85
78.88
78.93
78.95
78.87
78.78
78.68
78.62
78.48
78.35
78.23
78.05
77.92
77.8
77.63
77.58
77.7
77.78
77.97
78.15
78.32
78.58
78.75
78.95
79.15
79.32
79.45
79.43
79.4
79.33
79.27
79.22
79.2
79.18
79.1
79
78.85
78.65
78.45
78.03
77.73
77.32
76.87
76.47
76.32
76.17
76
75.83
75.8
75.77
75.72
75.65
75.58
75.52
75.47
75.42
75.37
75.28
75.2
75.1
75
74.92
74.82
74.73
74.73
74.72
74.72
74.7
74.72
74.77
74.83
74.92
74.98
75.02
75.12
75.08
74.88
74.72
74.45
74.18
73.93
73.58
73.35
73.08
72.82
72.6
72.43
72.38
72.33
72.33
72.33
72.3
72.22
72.13
72.12
72.13
72.17
72.2
72.25
72.52
72.65
72.88
73.15
73.38
73.35
73.33
73.33
73.35
73.28
73.22
73.2
73.18
73.17
73.17
73.18
73.22
73.25
73.3
73.33
73.37
73.42
73.47
73.53
73.58
73.62
73.63
73.67
73.72
73.8
73.9
73.97
74.03
74.08
74.15
74.22
74.3
74.38
74.43
74.45
74.47
74.52
74.58
74.67
74.73
74.78
74.77
74.7
74.68
74.7
74.7
74.68
74.68
74.72
74.75
74.8
74.85
74.9
74.95
75
75.07
75.15
75.25
75.32
75.35
75.42
75.48
75.58
75.68
75.77
75.82
75.83
75.83
75.83
75.83
75.82
75.77
75.72
75.7
75.7
75.73
75.75
75.77
75.75
75.77
75.82
75.88
75.93
75.95
75.92
75.85
75.85
75.88
75.95
76
76.02
75.97
75.9
75.87
75.88
75.88
75.85
75.82
75.75
75.7
75.7
75.75
75.83
75.9
75.95
76.03
76.13
76.25
76.35
76.45
76.5
76.52
76.52
76.5
76.48
76.43
76.37
76.3
76.27
76.32
76.37
76.42
76.43
76.43
76.42
76.42
76.43
76.48
76.55
76.58
76.6
76.63
76.65
76.65
76.65
76.65
76.65
76.6
76.57
76.48
76.38
76.28
76.2
76.13
76.1
76.07
75.98
75.87
75.73
75.63
75.57
75.62
75.67
75.7
75.7
75.7
75.68
75.63
75.6
75.58
75.53
75.5
75.47
75.42
75.35
75.25
75.13
75
74.83
74.63
74.43
74.25
74.07
73.92
73.8
73.73
73.7
73.72
73.75
73.75
73.75
73.73
73.73
73.73
73.75
73.8
73.85
73.88
73.92
73.98
74.1
74.25
74.45
74.67
74.88
75.07
75.22
75.37
75.48
75.58
75.67
75.73
75.8
75.87
75.9
75.93
75.97
76.02
76.05
76.05
76
75.87
75.68
75.52
75.37
75.28
75.23
75.28
75.33
75.37
75.42
75.43
75.43
75.42
75.38
75.33
75.27
75.2
75.2
75.25
75.37
75.47
75.58
75.68
75.75
75.78
75.8
75.77
75.72
75.68
75.63
75.6
75.57
75.57
75.58
75.6
75.63
75.65
75.62
75.55
75.45
75.35
75.23
75.12
74.98
74.85
74.78
74.75
74.77
74.83
74.92
75
75.05
75.12
75.2
75.28
75.38
75.52
75.67
75.85
76.08
76.3
76.55
76.75
76.93
77.05
77.15
77.18
77.18
77.15
77.1
77.07
77.05
77.08
77.17
77.3
77.47
77.65
77.77
77.87
77.92
77.98
78.05
78.13
78.2
78.27
78.32
78.4
78.48
78.55
78.63
78.73
78.85
78.95
79.03
79.1
79.15
79.25
79.37
79.48
79.58
79.63
79.65
79.63
79.58
79.52
79.38
79.23
79.08
78.95
78.88
78.83
78.82
78.78
78.73
78.67
78.58
78.47
78.37
78.25
78.12
78.05
78
78.02
78.05
78.12
78.17
78.18
78.18
78.18
78.17
78.18
78.18
78.22
78.23
78.25
78.27
78.25
78.27
78.25
78.17
78.07
78.02
77.93
77.88
77.85
77.93
78
78.02
78.05
78.15
78.27
78.38
78.47
78.75
79.13
79.5
79.82
80.15
80.48
80.82
81.15
81.48
81.82
82.2
82.63
83.08
83.58
84.03
84.42
84.78
85.13
85.47
85.72
86.05
86.33
86.62
86.83
87.07
87.32
87.57
87.78
88
88.12
88.28
88.47
88.68
88.9
89.15
89.43
89.8
90.1
90.37
90.57
90.75
90.92
91.08
91.35
91.65
91.87
92.15
92.43
92.77
93.32
93.55
93.77
93.88
93.98
94.13
94.15
94.08
94
93.9
93.83
93.57
93.2
92.85
92.5
92.13
91.8
91.47
91.15
90.85
90.57
90.27
89.95
89.68
89.4
89.15
88.97
88.73
88.52
88.3
88.15
87.92
87.77
87.63
87.57
87.45
87.32
87.18
87.05
86.92
86.85
86.73
86.57
86.4
86.25
86.12
85.95
85.72
85.52
85.4
85.3
85.23
85.18
85.15
85.05
84.8
84.68
84.57
84.47
84.27
83.87
83.78
83.7
83.6
83.5
83.4
83.4
83.42
83.42
83.43
83.45
83.45
83.42
83.38
83.37
83.32
83.33
83.28
83.25
83.25
83.27
83.3
83.32
83.28
83.22
83.15
83.08
83.02
82.95
82.9
82.92
82.93
82.92
82.88
82.82
82.85
82.97
83.07
83.17
83.25
83.35
83.45
83.55
83.62
83.7
83.77
83.83
83.88
83.93
83.95
83.97
83.93
83.88
83.72
83.52
83.45
83.38
83.32
83.2
83.12
83.07
82.95
82.88
83.2
83.47
83.75
84.07
84.38
84.7
85.02
85.35
85.72
86.12
86.52
86.92
87.38
87.77
88.23
88.7
89.12
89.5
89.83
90.15
90.57
91.08
91.55
92.02
92.47
92.87
93.25
93.63
94.17
94.7
95.18
95.68
96.08
96.4
96.75
97.22
97.4
97.57
97.73
97.9
98.08
98.25
98.42
98.62
98.83
99.05
99.25
99.43
99.63
99.83
100.13
100.47
100.83
101.22
101.62
102.05
102.43
102.75
103.12
103.42
103.33
103.27
103.2
103.07
102.93
102.82
102.68
102.52
102.42
102.32
102.32
102.3
102.25
102.15
102.03
101.9
101.65
101.42
101.13
100.87
100.52
100.08
99.7
99.27
98.92
98.62
98.3
97.92
97.37
96.9
96.5
96.13
95.72
95.33
94.7
93.75
93.12
92.48
91.88
91.3
90.75
90.37
89.65
88.9
88.17
87.43
86.73
86.05
85.42
84.75
84.08
83.43
82.73
82
81.28
80.55
79.82
79.33
78.85
78.38
77.9
77.45
76.98
76.58
76.18
75.85
75.52
75.15
74.7
74.38
73.98
73.63
73.35
73.12
72.88
72.67
72.57
72.48
72.5
72.5
72.48
72.45
72.48
72.6
72.68
72.82
73.13
73.48
74.07
74.57
75.07
75.53
76.07
76.57
77.32
78.27
79.22
80.2
81.15
82.12
83.05
83.82
84.9
85.98
87
88
88.97
89.92
90.8
91.7
92.58
93.45
94.32
95.2
96.05
96.93
97.88
98.65
99.43
100.23
101.05
101.87
102.65
103.42
104.17
104.83
105.5
106.23
106.97
107.55
108.1
108.6
109
109.37
109.73
110.1
110.5
110.92
111.38
111.88
112.42
112.97
113.45
113.88
114.27
114.6
114.77
114.93
114.92
114.93
114.92
114.97
115.02
114.67
114.3
113.95
113.57
113.15
112.72
112.3
111.92
111.55
111.2
110.9
110.58
110.45
110.32
110.25
110.27
110.3
110.35
110.38
110.45
110.52
110.57
110.6
110.6
110.57
110.55
110.52
110.48
110.45
110.47
110.47
110.47
110.45
110.42
110.35
110.28
110.18
110.1
110.03
110.05
110.15
110.3
110.47
110.63
110.75
110.8
110.82
110.8
110.77
110.73
110.68
110.63
110.58
110.53
110.47
110.37
110.23
110.13
109.97
109.82
110.08
110.37
110.55
110.75
110.92
111.1
111.23
111.33
111.42
111.52
111.6
111.73
111.7
111.68
111.6
111.45
111.3
111.17
111.05
110.9
110.73
110.6
110.45
110.3
110.13
109.95
109.37
109.18
109.17
109.13
109.07
108.97
108.88
108.82
108.78
108.75
108.73
108.77
108.8
108.8
108.65
108.28
107.92
107.5
107.1
106.72
106.3
105.9
105.48
105.08
104.68
104.28
103.88
103.47
103.05
102.65
102.23
101.83
101.47
101.08
100.9
100.77
100.73
100.72
100.72
100.77
100.95
101.15
101.37
101.55
101.68
101.78
101.43
100.83
100.23
99.75
99.25
98.77
98.23
97.7
97.18
96.65
96.15
95.63
95.12
94.65
94.55
94.12
93.57
92.98
92.43
91.93
91.5
91.05
90.52
89.98
89.47
88.93
88.4
87.87
87.52
87.32
87.1
86.92
86.72
86.52
86.33
86.78
87.27
87.75
88.23
88.68
89.1
89.5
89.9
90.28
90.72
91.25
91.78
92.27
92.62
92.9
93.18
93.42
93.52
93.6
93.55
93.42
93.23
93.08
93.1
93.17
93.7
94.48
95.28
96
96.72
97.42
98.12
98.83
99.55
100.28
101
101.75
102.43
103.02
103.6
104.2
104.75
105.33
106.02
106.72
107.35
108
108.73
109.47
110.23
110.98
111.75
112.48
113.13
113.82
114.55
115.23
115.9
116.53
117.18
117.13
116.93
116.77
116.62
116.53
116.47
116.4
116.33
116.28
116.23
116.07
115.88
115.77
115.58
115.38
115.15
114.92
114.83
114.72
114.67
114.72
114.82
114.93
114.95
114.97
114.95
114.9
114.82
114.7
114.6
114.47
114.33
114.17
114
113.8
113.58
113.33
113.15
113
112.9
112.7
112.48
112.27
111.97
111.6
111.25
110.78
110.25
109.72
109.18
108.62
108.27
107.93
107.62
107.35
106.97
106.62
106.25
105.88
105.48
105.17
104.95
104.75
104.55
104.32
104.1
103.9
103.73
103.57
103.38
103.32
103.27
103.2
103.07
102.98
102.93
102.9
102.83
102.77
102.6
102.38
102.17
101.93
101.68
101.43
101.2
101.05
100.95
100.87
100.73
100.62
100.52
100.42
100.35
100.23
100.13
100.05
99.98
100.07
100.15
100.28
100.43
100.58
100.7
100.88
101.03
101.27
101.52
101.77
101.98
102.2
102.17
102.15
102.12
102.02
101.95
101.88
101.85
101.83
101.87
101.88
101.95
101.95
101.95
101.97
101.98
102.02
102.02
102.03
102.08
102.03
102.03
102.03
102.08
102.12
102.12
102.13
102.18
102.22
102.27
102.35
102.42
102.45
102.47
102.47
102.45
102.35
102.2
102.03
101.9
101.77
101.65
101.55
101.37
101.25
101.13
100.97
100.8
100.48
100.15
99.78
99.43
99.08
98.73
98.42
98.15
97.93
97.77
97.6
97.48
97.38
97.4
97.4
97.38
97.35
97.33
97.33
97.3
97.37
97.42
97.47
97.55
97.65
97.77
97.88
98
98.2
98.42
98.6
98.75
98.88
98.98
99.1
99.23
99.32
99.4
99.47
99.45
99.47
99.52
99.55
99.5
99.45
99.4
99.35
99.3
99.22
99.2
99.22
99.25
99.28
99.3
99.3
99.32
99.33
99.35
99.38
99.43
99.48
99.52
99.57
99.58
99.6
99.65
99.67
99.67
99.65
99.63
99.65
99.63
99.62
99.5
99.4
99.32
99.25
99.22
99.18
99.18
99.05
98.92
98.78
98.6
98.38
98.15
97.87
97.57
97.17
96.63
96.27
95.87
95.6
95.3
94.93
94.58
94.23
93.9
93.37
92.95
92.57
92.23
91.97
91.78
91.6
91.42
91.3
91.25
91.28
91.28
91.28
91.28
91.35
91.43
91.52
91.58
91.63
91.67
91.7
91.7
91.7
91.75
91.82
91.9
91.97
92.08
92.2
92.28
92.35
92.43
92.48
92.55
92.67
92.78
92.87
92.95
93.05
93.1
93.1
93.07
93.03
93.02
93
93.03
93.12
93.22
93.4
93.6
93.83
94.2
94.43
95.8
97.03
98.28
99.6
100.88
102.2
103.53
105.08
105.83
106.52
107.15
107.68
108.2
108.78
109.37
109.93
110.45
110.95
111.37
111.77
112.17
112.52
112.87
113.18
113.55
113.95
114.37
114.82
115.3
115.87
116.45
116.97
117.43
117.95
118.42
118.88
119.5
120.13
120.73
121.32
121.87
122.35
122.83
123.38
123.88
124.33
124.8
125.32
125.87
126.45
127.03
127.62
128.17
128.73
129.33
129.93
130.6
131.27
131.9
132.5
132.02
131.57
131.12
130.62
130.1
129.53
128.95
128.37
128.72
129.08
129.45
129.83
130.28
130.62
130.97
131.3
131.58
131.85
132.23
132.63
132.92
132.92
132.82
132.77
132.7
132.6
132.5
132.37
132.08
131.72
131.3
130.93
130.58
130.2
129.83
129.48
128.98
128.48
127.98
127.48
127
126.53
126.05
125.5
124.98
124.5
124
123.5
123.02
122.57
122.15
121.63
121.13
120.65
120.12
119.55
118.92
118.25
117.57
117.05
116.5
115.92
115.28
114.7
114.12
113.58
113.08
112.6
111.95
111.32
110.7
110.12
109.5
108.97
108.42
107.83
107.28
106.77
106.23
105.67
105.25
105.07
104.97
104.87
104.72
104.57
104.48
104.4
104.45
104.5
104.57
104.65
104.83
105.03
105.18
105.25
105.33
105.42
105.67
105.87
106.1
106.35
106.63
106.95
107.27
107.62
108
108.37
108.78
109.13
109.45
109.87
110.27
110.55
110.83
111.15
111.48
111.78
112.12
112.28
112.45
112.6
112.75
112.88
113.02
113.12
113.13
113.13
113.13
113.1
113.07
113.05
113.07
112.88
112.7
112.53
112.37
112.22
112.05
111.9
111.72
111.58
111.45
111.3
111.17
111.05
110.85
110.68
110.52
110.3
110.07
109.83
109.55
109.28
109.05
108.88
108.72
108.57
108.23
107.95
107.62
107.27
106.9
106.53
106.17
105.78
105.4
105.02
104.58
104.17
103.73
103.37
103
102.68
102.42
102.12
101.8
101.55
101.3
101.1
100.93
100.78
100.68
100.58
100.53
100.52
100.53
100.55
100.53
100.48
100.4
100.28
100.12
100.13
100.17
100.22
100.28
100.33
100.37
100.47
100.57
100.67
100.8
100.95
101.13
101.33
101.55
101.72
101.87
102.05
102.22
102.32
102.38
102.28
102.2
102.1
101.88
101.68
101.5
101.3
101.17
101.03
100.93
100.83
100.75
100.7
100.58
100.47
100.47
100.47
100.47
100.37
100.33
100.28
100.18
100.12
100
99.87
99.72
99.52
99.3
99.08
98.87
98.65
98.43
98.23
98.05
97.85
97.65
97.52
97.32
97.05
96.77
96.48
96.17
95.78
95.52
95.22
95
94.63
94.28
93.98
93.67
93.33
92.97
92.6
92.27
91.97
91.67
91.37
91.12
90.92
90.73
90.75
90.7
90.62
90.65
90.63
90.6
90.57
90.57
90.6
90.57
90.53
90.53
90.53
90.62
90.7
90.67
90.65
90.67
90.68
90.6
90.53
90.45
90.35
90.25
90.15
90.07
90.03
89.97
89.85
89.72
89.57
89.37
89.12
88.85
88.47
88.12
87.72
87.37
87.08
86.8
86.5
86.45
86.52
86.43
86.35
86.23
86.23
86.22
86.03
85.87
85.92
86.02
86.12
86.2
86.32
86.45
86.65
86.78
86.87
86.9
86.83
86.53
86.27
86.02
85.8
85.6
85.43
85.18
84.9
84.65
84.4
84.1
83.78
83.45
83.13
82.82
82.52
82.2
81.92
81.67
81.42
81.18
80.95
80.77
80.58
80.4
80.17
79.97
79.83
79.7
79.58
79.47
79.38
79.32
79.38
79.47
79.58
79.73
79.88
80.05
80.25
80.22
80.13
80.1
80.07
80.02
79.93
79.87
79.9
79.9
79.68
79.45
79.2
78.93
78.63
78.35
78.02
77.72
77.45
77.23
77.03
77.12
77.18
77.23
77.28
77.33
77.4
77.47
77.55
77.63
77.72
77.82
77.9
77.98
78.07
78.15
78.22
78.3
78.4
78.52
78.63
78.75
78.85
78.95
79.07
79.18
79.33
79.48
79.63
79.78
79.87
80.03
80.2
80.37
80.52
80.58
80.67
80.75
80.82
80.87
80.9
80.92
80.92
80.9
80.9
80.85
80.78
80.82
80.92
81.02
81.15
81.3
81.45
81.6
81.73
81.87
81.92
82
82.12
82.25
82.42
82.6
82.8
83.03
83.22
83.43
83.62
83.78
83.88
83.95
84
84
83.98
83.93
83.87
83.78
83.7
83.6
83.48
83.35
83.23
83.12
83.02
82.92
82.82
82.72
82.6
82.48
82.37
82.25
82.2
82.08
81.97
81.85
81.75
81.7
81.63
81.55
81.48
81.43
81.38
81.35
81.32
81.3
81.28
81.32
81.37
81.32
81.22
81.13
81.03
80.92
80.8
80.67
80.55
80.43
80.42
80.35
80.27
80.15
80.02
79.87
79.72
79.55
79.42
79.25
79.1
78.97
78.87
78.82
78.78
78.8
78.82
78.87
78.95
79.03
79.12
79.22
79.35
79.45
79.57
79.67
79.75
79.82
79.92
80.07
80.2
80.3
80.4
80.48
80.5
80.52
80.52
80.52
80.48
80.6
80.73
81.03
81.32
81.52
81.72
81.72
81.78
81.87
81.97
82.07
82.17
82.27
82.35
82.42
82.48
82.55
82.58
82.62
82.63
82.62
82.58
82.58
82.6
82.68
82.77
82.87
82.95
83.05
83.13
83.22
83.32
83.42
83.52
83.62
83.73
83.85
83.98
84.13
84.27
84.43
84.6
84.75
84.87
85.03
85.17
85.3
85.43
85.58
85.68
85.72
85.77
85.87
85.95
86.05
86.23
86.42
86.6
86.78
87
87.08
87.15
87.07
87
87.03
87.07
87.3
87.45
87.53
87.62
87.7
87.72
87.7
87.68
87.7
87.75
87.8
87.87
87.7
87.57
87.48
87.38
87.3
87.18
87.02
86.75
86.57
86.32
86.05
85.8
85.55
85.38
85.23
85.08
84.92
84.75
84.58
84.45
84.33
84.23
84
83.78
83.75
83.73
83.62
83.52
83.43
83.33
83.25
83.17
83.23
83.23
83.27
83.3
83.37
83.43
83.5
83.57
83.62
83.68
83.77
83.85
83.93
84.05
84.17
84.28
84.47
84.65
84.83
84.98
85.1
85.27
85.43
85.52
85.58
85.62
85.65
85.7
86
86.28
86.53
86.82
87.08
87.38
87.7
88.13
88.48
88.93
89.4
89.88
90.37
90.75
91.1
91.45
91.77
92.05
92.33
92.58
92.8
93
93.3
93.58
93.67
93.73
93.88
94.03
94.2
94.38
94.57
94.8
94.88
95.03
95.12
95.2
95.25
95.28
95.25
95.25
95.27
95.27
95.23
95.2
95.15
95.07
94.98
94.92
94.82
94.75
94.72
94.72
94.7
94.7
94.72
94.82
94.92
95.03
95.15
95.27
95.42
95.63
95.85
96.05
96.23
96.4
96.6
96.82
97.02
97.2
97.17
97.1
97
96.95
96.9
96.83
96.88
96.93
96.82
96.58
96.35
96.15
95.95
95.77
95.6
95.42
95.22
95.02
94.8
94.58
94.37
94.12
93.88
93.65
93.43
93.22
93
92.8
92.68
92.57
92.47
92.38
92.33
92.28
92.25
92.22
92.13
92.17
92.18
92.2
92.22
92.2
92.18
92.12
92.05
91.97
91.88
91.77
91.65
91.53
91.37
91.13
90.9
90.67
90.43
90.22
89.93
89.63
89.35
89.08
89
88.93
88.88
88.77
88.67
88.6
88.45
88.33
88.4
88.58
88.75
88.87
89
89.12
89.23
89.37
89.53
89.68
89.83
90.05
90.25
90.42
90.58
90.73
90.87
90.98
91.07
91.1
91.13
91.13
91.13
91.12
91.08
91.05
91.02
90.98
90.98
90.85
90.73
90.58
90.47
90.35
90.27
90.25
90.27
90.3
90.33
90.37
90.38
90.38
90.4
90.42
90.43
90.45
90.47
90.47
90.47
90.45
90.43
90.37
90.35
90.3
90.3
90.3
90.3
90.3
90.28
90.25
90.1
89.93
89.8
89.72
89.62
89.53
89.43
89.33
89.22
89.15
89.12
89.02
88.92
88.83
88.75
88.7
88.67
88.67
88.7
88.77
88.82
88.9
88.98
89.1
89.23
89.38
89.55
89.72
89.87
89.97
90
90.02
90
89.98
89.97
89.93
89.87
89.8
89.75
89.72
89.7
89.7
89.72
89.75
89.78
89.82
89.85
89.87
89.9
89.95
89.98
90.05
90.07
90.12
90.13
90.17
90.22
90.27
90.33
90.4
90.57
90.75
90.92
91.03
91.18
91.32
91.48
91.67
91.85
91.98
92.08
92.18
92.27
92.33
92.4
92.45
92.52
92.57
92.63
92.72
92.8
92.87
92.88
92.85
92.78
92.68
92.57
92.47
92.4
92.42
92.5
92.65
92.82
93
93.18
93.35
93.52
93.67
93.78
93.9
94.02
94.12
94.2
94.27
94.32
94.35
94.37
94.38
94.38
94.37
94.35
94.35
94.37
94.38
94.42
94.43
94.43
94.43
94.42
94.4
94.4
94.4
94.42
94.47
94.48
94.48
94.43
94.35
94.27
94.18
94.1
94.05
94.07
94.12
94.18
94.27
94.35
94.43
94.5
94.55
94.58
94.62
94.67
94.73
94.83
94.95
95.07
95.18
95.28
95.33
95.33
95.28
95.22
95.15
95.08
95.05
95.02
95
94.98
94.95
94.9
94.85
94.8
94.75
94.72
94.72
94.73
94.77
94.82
94.88
94.95
95.02
95.12
95.25
95.38
95.57
95.75
95.93
96.13
96.32
96.52
96.72
96.87
96.97
97.07
97.17
97.28
97.3
97.33
97.38
97.45
97.5
97.5
97.47
97.4
97.28
97.13
96.98
96.83
96.68
96.55
96.45
96.4
96.35
96.28
96.22
96.13
96.03
95.92
95.83
95.77
95.75
95.75
95.75
95.78
95.87
95.97
96.08
96.22
96.43
96.67
96.93
97.22
97.5
97.75
97.98
98.18
98.38
98.58
98.77
98.9
99.05
99.17
99.23
99.28
99.3
99.32
99.37
99.4
99.43
99.43
99.42
99.42
99.45
99.38
99.3
99.23
99.27
99.25
99.32
99.33
99.35
99.38
99.45
99.58
99.8
99.53
99.32
99.08
98.87
98.68
98.47
98.22
97.97
97.73
97.45
97.22
97.03
97.02
97
97.02
97.03
97.1
97.13
97.13
97.05
96.92
96.77
96.62
96.38
96.13
95.87
95.57
95.22
94.92
94.62
94.35
94.08
93.82
93.55
93.35
93.12
92.85
92.63
92.42
92.23
92.07
91.88
91.72
91.57
91.4
91.25
91.1
90.95
90.88
90.82
90.67
90.52
90.4
90.18
90.02
89.73
89.53
89.23
88.87
88.47
88.58
88.65
88.83
89.15
89.42
89.68
89.95
90.22
90.48
90.83
91.22
91.52
91.67
91.78
91.87
91.77
91.6
91.47
91.33
91.22
91.15
91.08
91
91
91.03
91.1
91.22
91.4
91.57
91.73
91.88
92.03
92.17
92.3
92.42
92.53
92.67
92.82
93.03
93.22
93.38
93.53
93.7
93.85
94.03
94.2
94.37
94.55
94.77
95.02
95.33
95.58
95.83
95.87
95.88
96.05
95.93
95.92
95.93
95.93
95.92
95.9
95.8
95.55
95.32
95.12
94.95
94.8
94.63
94.43
94.18
93.95
93.73
93.48
93.25
93.15
93.05
92.93
92.83
92.72
92.63
92.55
92.47
92.28
92.08
91.83
91.55
91.13
90.75
90.38
90.03
89.67
89.32
88.95
88.57
88.18
87.78
87.33
86.82
86.3
85.78
85.28
84.78
84.3
83.8
83.3
82.83
82.35
81.87
81.37
80.9
80.52
80.12
79.92
79.72
79.47
79.4
79.32
79.22
79.12
79
78.88
78.73
78.6
78.47
78.3
78.1
77.88
77.67
77.45
77.23
77.03
76.82
76.63
76.43
76.25
76.08
75.93
75.78
75.65
75.43
75.22
75.02
74.85
74.7
74.57
74.42
74.37
74.28
74.22
74.15
74.1
74.05
74
73.97
73.93
73.92
73.92
73.9
73.9
73.9
73.9
73.88
73.88
73.9
73.95
73.98
74.07
74.15
74.27
74.35
74.43
74.53
74.67
74.8
74.93
75.03
75.08
75.13
75.2
75.28
75.37
75.45
75.52
75.58
75.65
75.73
75.83
75.93
76.05
76.15
76.25
76.35
76.48
76.62
76.73
76.82
76.88
76.92
76.95
77.02
77.07
77.12
77.17
77.2
77.23
77.28
77.33
77.38
77.4
77.43
77.47
77.48
77.52
77.53
77.55
77.58
77.62
77.67
77.68
77.67
77.65
77.63
77.62
77.6
77.57
77.55
77.48
77.42
77.37
77.33
77.32
77.3
77.27
77.23
77.17
77.13
77.13
77.13
77.12
77.1
77.07
77.07
77.07
77.07
77.07
77.07
77.05
77.05
77.02
76.98
76.93
76.88
76.82
76.77
76.73
76.72
76.72
76.73
76.77
76.8
76.85
76.9
76.95
77
77.05
77.1
77.13
77.13
77.12
77.1
77.08
77.07
77.07
77.12
77.15
77.18
77.22
77.23
77.27
77.35
77.43
77.52
77.57
77.58
77.58
77.58
77.62
77.65
77.63
77.6
77.53
77.48
77.45
77.43
77.43
77.42
77.4
77.37
77.33
77.3
77.3
77.3
77.28
77.27
77.25
77.23
77.23
77.25
77.3
77.35
77.38
77.4
77.42
77.43
77.48
77.53
77.58
77.65
77.72
77.8
77.9
78
78.1
78.18
78.25
78.28
78.35
78.43
78.53
78.62
78.7
78.78
78.85
78.87
78.88
78.87
78.82
78.8
78.8
78.77
78.72
78.67
78.62
78.6
78.62
78.63
78.62
78.6
78.58
78.58
78.58
78.58
78.58
78.57
78.58
78.62
78.67
78.73
78.8
78.87
78.92
78.95
79
79.05
79.12
79.17
79.2
79.22
79.25
79.3
79.4
79.53
79.63
79.7
79.72
79.73
79.72
79.68
79.6
79.48
79.32
79.1
78.92
78.78
78.68
78.62
78.55
78.48
78.4
78.32
78.27
78.25
78.23
78.22
78.22
78.2
78.18
78.12
78.05
78
77.97
77.92
77.88
77.82
77.72
77.6
77.5
77.4
77.32
77.23
77.18
77.12
77.03
76.97
76.88
76.78
76.7
76.63
76.58
76.52
76.45
76.38
76.3
76.2
76.1
76
75.92
75.82
75.7
75.58
75.43
75.27
75.13
75.02
74.92
74.82
74.75
74.7
74.68
74.68
74.72
74.8
74.85
74.88
74.92
74.97
75.02
75.08
75.17
75.25
75.32
75.42
75.53
75.7
75.87
76.07
76.25
76.47
76.67
76.88
77.08
77.28
77.45
77.6
77.75
77.87
77.98
78.12
78.25
78.37
78.45
78.53
78.62
78.7
78.82
78.95
79.07
79.15
79.22
79.3
79.38
79.47
79.57
79.68
79.8
79.9
79.97
79.97
79.97
79.93
79.82
79.7
79.58
79.43
79.32
79.17
79.03
79.12
79.17
79.25
79.37
79.47
79.55
79.7
79.82
79.88
79.92
79.98
80
80
80
79.85
79.78
79.7
79.67
79.62
79.6
79.6
79.62
79.6
79.57
79.52
79.5
79.53
79.57
79.62
79.63
79.62
79.6
79.6
79.58
79.57
79.57
79.55
79.52
79.5
79.48
79.52
79.55
79.58
79.62
79.53
79.47
79.48
79.48
79.48
79.48
79.55
79.57
79.6
79.73
79.88
80.05
80.27
80.47
80.7
80.9
80.75
80.6
80.52
80.4
80.32
80.25
80.1
79.97
79.88
79.82
79.72
79.67
79.63
79.55
79.62
79.53
79.43
79.28
79.15
79
78.83
78.48
78.15
77.83
77.55
77.3
77.03
76.8
76.6
76.45
76.33
76.23
76.15
76.1
75.98
75.85
75.68
75.72
75.73
75.75
75.73
75.78
75.82
75.87
76.05
76.22
76.03
75.9
75.77
75.67
75.57
75.62
75.63
75.73
75.83
75.88
75.93
76
76.08
76.2
76.47
76.78
77
77.22
77.47
77.67
77.88
78.08
78.32
78.52
78.68
78.58
78.43
78.32
78.17
78.08
78
77.88
77.77
77.68
77.63
77.73
77.85
78.1
78.27
78.4
78.52
78.55
78.58
78.63
78.7
78.75
78.78
78.82
78.9
78.92
78.97
78.82
78.68
78.55
78.45
78.28
78.15
77.98
77.8
77.62
77.88
78.13
78.42
78.75
79.08
79.28
79.52
79.65
79.77
79.92
80.03
80.12
80.17
80.2
80.22
80.18
80.17
80.15
80.1
80.1
80.08
80.07
79.98
79.95
79.93
80.17
80.43
80.7
80.92